  -179.8699    
  -179.6096    
  -179.3493    
  -179.0889    
  -178.8286    
  -178.5683    
  -178.3080    
  -178.0477    
  -177.7874    
  -177.5271    
  -177.2668    
  -177.0065    
  -176.7462    
  -176.4859    
  -176.2256    
  -175.9653    
  -175.7050    
  -175.4447    
  -175.1844    
  -174.9241    
  -174.6638    
  -174.4035    
  -174.1432    
  -173.8829    
  -173.6226    
  -173.3623    
  -173.1019    
  -172.8417    
  -172.5813    
  -172.3210    
  -172.0607    
  -171.8004    
  -171.5401    
  -171.2798    
  -171.0195    
  -170.7592    
  -170.4989    
  -170.2386    
  -169.9783    
  -169.7180    
  -169.4577    
  -169.1974    
  -168.9371    
  -168.6768    
  -168.4165    
  -168.1562    
  -167.8959    
  -167.6356    
  -167.3753    
  -167.1150    
  -166.8547    
  -166.5944    
  -166.3341    
  -166.0738    
  -165.8134    
  -165.5531    
  -165.2928    
  -165.0325    
  -164.7722    
  -164.5119    
  -164.2516    
  -163.9913    
  -163.7310    
  -163.4707    
  -163.2104    
  -162.9501    
  -162.6898    
  -162.4295    
  -162.1692    
  -161.9089    
  -161.6486    
  -161.3883    
  -161.1280    
  -160.8677    
  -160.6074    
  -160.3471    
  -160.0868    
  -159.8265    
  -159.5662    
  -159.3059    
  -159.0456    
  -158.7852    
  -158.5249    
  -158.2646    
  -158.0043    
  -157.7440    
  -157.4837    
  -157.2234    
  -156.9631    
  -156.7028    
  -156.4425    
  -156.1822    
  -155.9219    
  -155.6616    
  -155.4013    
  -155.1410    
  -154.8807    
  -154.6204    
  -154.3601    
  -154.0998    
  -153.8395    
  -153.5792    
  -153.3189    
  -153.0586    
  -152.7983    
  -152.5380    
  -152.2776    
  -152.0174    
  -151.7571    
  -151.4967    
  -151.2365    
  -150.9761    
  -150.7158    
  -150.4556    
  -150.1952    
  -149.9349    
  -149.6746    
  -149.4143    
  -149.1540    
  -148.8937    
  -148.6334    
  -148.3731    
  -148.1128    
  -147.8525    
  -147.5922    
  -147.3319    
  -147.0716    
  -146.8113    
  -146.5510    
  -146.2907    
  -146.0304    
  -145.7701    
  -145.5098    
  -145.2495    
  -144.9892    
  -144.7289    
  -144.4686    
  -144.2082    
  -143.9480    
  -143.6876    
  -143.4273    
  -143.1670    
  -142.9067    
  -142.6464    
  -142.3861    
  -142.1258    
  -141.8655    
  -141.6052    
  -141.3449    
  -141.0846    
  -140.8243    
  -140.5640    
  -140.3037    
  -140.0434    
  -139.7831    
  -139.5228    
  -139.2625    
  -139.0022    
  -138.7419    
  -138.4816    
  -138.2213    
  -137.9610    
  -137.7007    
  -137.4403    
  -137.1801    
  -136.9198    
  -136.6594    
  -136.3991    
  -136.1388    
  -135.8785    
  -135.6182    
  -135.3579    
  -135.0976    
  -134.8373    
  -134.5770    
  -134.3167    
  -134.0564    
  -133.7961    
  -133.5358    
  -133.2755    
  -133.0152    
  -132.7549    
  -132.4946    
  -132.2343    
  -131.9740    
  -131.7137    
  -131.4534    
  -131.1931    
  -130.9328    
  -130.6725    
  -130.4122    
  -130.1518    
  -129.8915    
  -129.6312    
  -129.3709    
  -129.1106    
  -128.8503    
  -128.5900    
  -128.3297    
  -128.0694    
  -127.8091    
  -127.5488    
  -127.2885    
  -127.0282    
  -126.7679    
  -126.5076    
  -126.2473    
  -125.9870    
  -125.7267    
  -125.4664    
  -125.2061    
  -124.9458    
  -124.6855    
  -124.4252    
  -124.1649    
  -123.9046    
  -123.6443    
  -123.3839    
  -123.1236    
  -122.8633    
  -122.6030    
  -122.3427    
  -122.0824    
  -121.8221    
  -121.5618    
  -121.3015    
  -121.0412    
  -120.7809    
  -120.5206    
  -120.2603    
  -120.0000    
  -119.7397    
  -119.4794    
  -119.2191    
  -118.9588    
  -118.6985    
  -118.4382    
  -118.1779    
  -117.9176    
  -117.6573    
  -117.3970    
  -117.1367    
  -116.8764    
  -116.6161    
  -116.3557    
  -116.0955    
  -115.8351    
  -115.5748    
  -115.3145    
  -115.0542    
  -114.7939    
  -114.5336    
  -114.2733    
  -114.0130    
  -113.7527    
  -113.4924    
  -113.2321    
  -112.9718    
  -112.7115    
  -112.4512    
  -112.1909    
  -111.9306    
  -111.6703    
  -111.4100    
  -111.1497    
  -110.8894    
  -110.6291    
  -110.3688    
  -110.1085    
  -109.8482    
  -109.5879    
  -109.3276    
  -109.0672    
  -108.8069    
  -108.5466    
  -108.2863    
  -108.0260    
  -107.7657    
  -107.5054    
  -107.2451    
  -106.9848    
  -106.7245    
  -106.4642    
  -106.2039    
  -105.9436    
  -105.6833    
  -105.4230    
  -105.1627    
  -104.9024    
  -104.6421    
  -104.3818    
  -104.1215    
  -103.8612    
  -103.6009    
  -103.3406    
  -103.0803    
  -102.8200    
  -102.5597    
  -102.2994    
  -102.0390    
  -101.7787    
  -101.5184    
  -101.2581    
  -100.9978    
  -100.7375    
  -100.4772    
  -100.2169    
  -99.95662    
  -99.69632    
  -99.43601    
  -99.17571    
  -98.91541    
  -98.65510    
  -98.39479    
  -98.13449    
  -97.87418    
  -97.61389    
  -97.35358    
  -97.09328    
  -96.83298    
  -96.57267    
  -96.31236    
  -96.05206    
  -95.79176    
  -95.53146    
  -95.27116    
  -95.01085    
  -94.75055    
  -94.49024    
  -94.22994    
  -93.96963    
  -93.70933    
  -93.44903    
  -93.18872    
  -92.92841    
  -92.66811    
  -92.40781    
  -92.14751    
  -91.88721    
  -91.62690    
  -91.36660    
  -91.10629    
  -90.84599    
  -90.58568    
  -90.32538    
  -90.06507    
  -89.80478    
  -89.54447    
  -89.28417    
  -89.02386    
  -88.76356    
  -88.50325    
  -88.24294    
  -87.98264    
  -87.72235    
  -87.46205    
  -87.20174    
  -86.94144    
  -86.68113    
  -86.42083    
  -86.16052    
  -85.90022    
  -85.63992    
  -85.37962    
  -85.11932    
  -84.85899    
  -84.59870    
  -84.33839    
  -84.07809    
  -83.81779    
  -83.55749    
  -83.29718    
  -83.03688    
  -82.77657    
  -82.51627    
  -82.25596    
  -81.99567    
  -81.73536    
  -81.47505    
  -81.21475    
  -80.95444    
  -80.69415    
  -80.43384    
  -80.17354    
  -79.91323    
  -79.65293    
  -79.39262    
  -79.13232    
  -78.87202    
  -78.61172    
  -78.35141    
  -78.09111    
  -77.83080    
  -77.57050    
  -77.31020    
  -77.04988    
  -76.78959    
  -76.52928    
  -76.26899    
  -76.00868    
  -75.74837    
  -75.48807    
  -75.22778    
  -74.96747    
  -74.70716    
  -74.44685    
  -74.18655    
  -73.92625    
  -73.66595    
  -73.40564    
  -73.14534    
  -72.88503    
  -72.62473    
  -72.36443    
  -72.10412    
  -71.84382    
  -71.58351    
  -71.32321    
  -71.06290    
  -70.80260    
  -70.54230    
  -70.28200    
  -70.02169    
  -69.76139    
  -69.50109    
  -69.24078    
  -68.98048    
  -68.72017    
  -68.45988    
  -68.19957    
  -67.93926    
  -67.67896    
  -67.41866    
  -67.15836    
  -66.89806    
  -66.63774    
  -66.37744    
  -66.11713    
  -65.85684    
  -65.59653    
  -65.33623    
  -65.07592    
  -64.81561    
  -64.55532    
  -64.29501    
  -64.03471    
  -63.77441    
  -63.51410    
  -63.25379    
  -62.99349    
  -62.73319    
  -62.47289    
  -62.21258    
  -61.95228    
  -61.69197    
  -61.43167    
  -61.17137    
  -60.91106    
  -60.65076    
  -60.39045    
  -60.13016    
  -59.86985    
  -59.60955    
  -59.34924    
  -59.08894    
  -58.82864    
  -58.56833    
  -58.30803    
  -58.04773    
  -57.78742    
  -57.52712    
  -57.26681    
  -57.00651    
  -56.74620    
  -56.48590    
  -56.22560    
  -55.96529    
  -55.70499    
  -55.44469    
  -55.18439    
  -54.92408    
  -54.66378    
  -54.40347    
  -54.14317    
  -53.88287    
  -53.62256    
  -53.36226    
  -53.10195    
  -52.84165    
  -52.58135    
  -52.32104    
  -52.06074    
  -51.80043    
  -51.54013    
  -51.27983    
  -51.01952    
  -50.75922    
  -50.49891    
  -50.23861    
  -49.97831    
  -49.71801    
  -49.45770    
  -49.19740    
  -48.93709    
  -48.67679    
  -48.41649    
  -48.15618    
  -47.89588    
  -47.63558    
  -47.37527    
  -47.11497    
  -46.85466    
  -46.59436    
  -46.33405    
  -46.07375    
  -45.81345    
  -45.55315    
  -45.29284    
  -45.03254    
  -44.77224    
  -44.51193    
  -44.25163    
  -43.99132    
  -43.73103    
  -43.47072    
  -43.21041    
  -42.95011    
  -42.68981    
  -42.42950    
  -42.16920    
  -41.90889    
  -41.64859    
  -41.38828    
  -41.12798    
  -40.86768    
  -40.60738    
  -40.34707    
  -40.08677    
  -39.82647    
  -39.56616    
  -39.30586    
  -39.04556    
  -38.78525    
  -38.52494    
  -38.26464    
  -38.00434    
  -37.74403    
  -37.48373    
  -37.22343    
  -36.96312    
  -36.70282    
  -36.44252    
  -36.18221    
  -35.92191    
  -35.66161    
  -35.40130    
  -35.14100    
  -34.88070    
  -34.62039    
  -34.36008    
  -34.09978    
  -33.83948    
  -33.57918    
  -33.31887    
  -33.05857    
  -32.79826    
  -32.53796    
  -32.27766    
  -32.01735    
  -31.75705    
  -31.49675    
  -31.23644    
  -30.97614    
  -30.71584    
  -30.45553    
  -30.19523    
  -29.93492    
  -29.67462    
  -29.41432    
  -29.15401    
  -28.89371    
  -28.63341    
  -28.37310    
  -28.11280    
  -27.85250    
  -27.59219    
  -27.33189    
  -27.07158    
  -26.81128    
  -26.55098    
  -26.29067    
  -26.03037    
  -25.77007    
  -25.50976    
  -25.24946    
  -24.98915    
  -24.72885    
  -24.46855    
  -24.20824    
  -23.94794    
  -23.68764    
  -23.42733    
  -23.16703    
  -22.90672    
  -22.64642    
  -22.38612    
  -22.12581    
  -21.86551    
  -21.60521    
  -21.34491    
  -21.08460    
  -20.82430    
  -20.56399    
  -20.30369    
  -20.04338    
  -19.78308    
  -19.52278    
  -19.26247    
  -19.00217    
  -18.74187    
  -18.48156    
  -18.22126    
  -17.96095    
  -17.70065    
  -17.44035    
  -17.18004    
  -16.91974    
  -16.65944    
  -16.39913    
  -16.13883    
  -15.87853    
  -15.61822    
  -15.35792    
  -15.09761    
  -14.83731    
  -14.57701    
  -14.31670    
  -14.05640    
  -13.79610    
  -13.53579    
  -13.27549    
  -13.01518    
  -12.75488    
  -12.49458    
  -12.23427    
  -11.97397    
  -11.71367    
  -11.45336    
  -11.19306    
  -10.93276    
  -10.67245    
  -10.41215    
  -10.15184    
  -9.891541    
  -9.631235    
  -9.370934    
  -9.110629    
  -8.850326    
  -8.590021    
  -8.329718    
  -8.069415    
  -7.809111    
  -7.548807    
  -7.288503    
  -7.028200    
  -6.767896    
  -6.507592    
  -6.247289    
  -5.986985    
  -5.726681    
  -5.466378    
  -5.206074    
  -4.945770    
  -4.685467    
  -4.425163    
  -4.164859    
  -3.904556    
  -3.644252    
  -3.383948    
  -3.123644    
  -2.863341    
  -2.603037    
  -2.342733    
  -2.082429    
  -1.822126    
  -1.561822    
  -1.301518    
  -1.041215    
 -0.7809111    
 -0.5206074    
 -0.2603037    
  0.0000000E+00
  0.2603037    
  0.5206074    
  0.7809111    
   1.041215    
   1.301518    
   1.561822    
   1.822126    
   2.082429    
   2.342733    
   2.603037    
   2.863341    
   3.123644    
   3.383948    
   3.644252    
   3.904556    
   4.164859    
   4.425163    
   4.685467    
   4.945770    
   5.206074    
   5.466378    
   5.726681    
   5.986985    
   6.247289    
   6.507592    
   6.767896    
   7.028200    
   7.288503    
   7.548807    
   7.809111    
   8.069415    
   8.329718    
   8.590021    
   8.850326    
   9.110629    
   9.370934    
   9.631235    
   9.891541    
   10.15184    
   10.41215    
   10.67245    
   10.93276    
   11.19306    
   11.45336    
   11.71367    
   11.97397    
   12.23427    
   12.49458    
   12.75488    
   13.01518    
   13.27549    
   13.53579    
   13.79610    
   14.05640    
   14.31670    
   14.57701    
   14.83731    
   15.09761    
   15.35792    
   15.61822    
   15.87853    
   16.13883    
   16.39913    
   16.65944    
   16.91974    
   17.18004    
   17.44035    
   17.70065    
   17.96095    
   18.22126    
   18.48156    
   18.74187    
   19.00217    
   19.26247    
   19.52278    
   19.78308    
   20.04338    
   20.30369    
   20.56399    
   20.82430    
   21.08460    
   21.34491    
   21.60521    
   21.86551    
   22.12581    
   22.38612    
   22.64642    
   22.90672    
   23.16703    
   23.42733    
   23.68764    
   23.94794    
   24.20824    
   24.46855    
   24.72885    
   24.98915    
   25.24946    
   25.50976    
   25.77007    
   26.03037    
   26.29067    
   26.55098    
   26.81128    
   27.07158    
   27.33189    
   27.59219    
   27.85250    
   28.11280    
   28.37310    
   28.63341    
   28.89371    
   29.15401    
   29.41432    
   29.67462    
   29.93492    
   30.19523    
   30.45553    
   30.71584    
   30.97614    
   31.23644    
   31.49675    
   31.75705    
   32.01735    
   32.27766    
   32.53796    
   32.79826    
   33.05857    
   33.31887    
   33.57918    
   33.83948    
   34.09978    
   34.36008    
   34.62039    
   34.88070    
   35.14100    
   35.40130    
   35.66161    
   35.92191    
   36.18221    
   36.44252    
   36.70282    
   36.96312    
   37.22343    
   37.48373    
   37.74403    
   38.00434    
   38.26464    
   38.52494    
   38.78525    
   39.04556    
   39.30586    
   39.56616    
   39.82647    
   40.08677    
   40.34707    
   40.60738    
   40.86768    
   41.12798    
   41.38828    
   41.64859    
   41.90889    
   42.16920    
   42.42950    
   42.68981    
   42.95011    
   43.21041    
   43.47072    
   43.73103    
   43.99132    
   44.25163    
   44.51193    
   44.77224    
   45.03254    
   45.29284    
   45.55315    
   45.81345    
   46.07375    
   46.33405    
   46.59436    
   46.85466    
   47.11497    
   47.37527    
   47.63558    
   47.89588    
   48.15618    
   48.41649    
   48.67679    
   48.93709    
   49.19740    
   49.45770    
   49.71801    
   49.97831    
   50.23861    
   50.49891    
   50.75922    
   51.01952    
   51.27983    
   51.54013    
   51.80043    
   52.06074    
   52.32104    
   52.58135    
   52.84165    
   53.10195    
   53.36226    
   53.62256    
   53.88287    
   54.14317    
   54.40347    
   54.66378    
   54.92408    
   55.18439    
   55.44469    
   55.70499    
   55.96529    
   56.22560    
   56.48590    
   56.74620    
   57.00651    
   57.26681    
   57.52712    
   57.78742    
   58.04773    
   58.30803    
   58.56833    
   58.82864    
   59.08894    
   59.34924    
   59.60955    
   59.86985    
   60.13016    
   60.39045    
   60.65076    
   60.91106    
   61.17137    
   61.43167    
   61.69197    
   61.95228    
   62.21258    
   62.47289    
   62.73319    
   62.99349    
   63.25379    
   63.51410    
   63.77441    
   64.03471    
   64.29501    
   64.55532    
   64.81561    
   65.07592    
   65.33623    
   65.59653    
   65.85684    
   66.11713    
   66.37744    
   66.63774    
   66.89806    
   67.15836    
   67.41866    
   67.67896    
   67.93926    
   68.19957    
   68.45988    
   68.72017    
   68.98048    
   69.24078    
   69.50109    
   69.76139    
   70.02169    
   70.28200    
   70.54230    
   70.80260    
   71.06290    
   71.32321    
   71.58351    
   71.84382    
   72.10412    
   72.36443    
   72.62473    
   72.88503    
   73.14534    
   73.40564    
   73.66595    
   73.92625    
   74.18655    
   74.44685    
   74.70716    
   74.96747    
   75.22778    
   75.48807    
   75.74837    
   76.00868    
   76.26899    
   76.52928    
   76.78959    
   77.04988    
   77.31020    
   77.57050    
   77.83080    
   78.09111    
   78.35141    
   78.61172    
   78.87202    
   79.13232    
   79.39262    
   79.65293    
   79.91323    
   80.17354    
   80.43384    
   80.69415    
   80.95444    
   81.21475    
   81.47505    
   81.73536    
   81.99567    
   82.25596    
   82.51627    
   82.77657    
   83.03688    
   83.29718    
   83.55749    
   83.81779    
   84.07809    
   84.33839    
   84.59870    
   84.85899    
   85.11932    
   85.37962    
   85.63992    
   85.90022    
   86.16052    
   86.42083    
   86.68113    
   86.94144    
   87.20174    
   87.46205    
   87.72235    
   87.98264    
   88.24294    
   88.50325    
   88.76356    
   89.02386    
   89.28417    
   89.54447    
   89.80478    
   90.06507    
   90.32538    
   90.58568    
   90.84599    
   91.10629    
   91.36660    
   91.62690    
   91.88721    
   92.14751    
   92.40781    
   92.66811    
   92.92841    
   93.18872    
   93.44903    
   93.70933    
   93.96963    
   94.22994    
   94.49024    
   94.75055    
   95.01085    
   95.27116    
   95.53146    
   95.79176    
   96.05206    
   96.31236    
   96.57267    
   96.83298    
   97.09328    
   97.35358    
   97.61389    
   97.87418    
   98.13449    
   98.39479    
   98.65510    
   98.91541    
   99.17571    
   99.43601    
   99.69632    
   99.95662    
   100.2169    
   100.4772    
   100.7375    
   100.9978    
   101.2581    
   101.5184    
   101.7787    
   102.0390    
   102.2994    
   102.5597    
   102.8200    
   103.0803    
   103.3406    
   103.6009    
   103.8612    
   104.1215    
   104.3818    
   104.6421    
   104.9024    
   105.1627    
   105.4230    
   105.6833    
   105.9436    
   106.2039    
   106.4642    
   106.7245    
   106.9848    
   107.2451    
   107.5054    
   107.7657    
   108.0260    
   108.2863    
   108.5466    
   108.8069    
   109.0672    
   109.3276    
   109.5879    
   109.8482    
   110.1085    
   110.3688    
   110.6291    
   110.8894    
   111.1497    
   111.4100    
   111.6703    
   111.9306    
   112.1909    
   112.4512    
   112.7115    
   112.9718    
   113.2321    
   113.4924    
   113.7527    
   114.0130    
   114.2733    
   114.5336    
   114.7939    
   115.0542    
   115.3145    
   115.5748    
   115.8351    
   116.0955    
   116.3557    
   116.6161    
   116.8764    
   117.1367    
   117.3970    
   117.6573    
   117.9176    
   118.1779    
   118.4382    
   118.6985    
   118.9588    
   119.2191    
   119.4794    
   119.7397    
   120.0000    
   120.2603    
   120.5206    
   120.7809    
   121.0412    
   121.3015    
   121.5618    
   121.8221    
   122.0824    
   122.3427    
   122.6030    
   122.8633    
   123.1236    
   123.3839    
   123.6443    
   123.9046    
   124.1649    
   124.4252    
   124.6855    
   124.9458    
   125.2061    
   125.4664    
   125.7267    
   125.9870    
   126.2473    
   126.5076    
   126.7679    
   127.0282    
   127.2885    
   127.5488    
   127.8091    
   128.0694    
   128.3297    
   128.5900    
   128.8503    
   129.1106    
   129.3709    
   129.6312    
   129.8915    
   130.1518    
   130.4122    
   130.6725    
   130.9328    
   131.1931    
   131.4534    
   131.7137    
   131.9740    
   132.2343    
   132.4946    
   132.7549    
   133.0152    
   133.2755    
   133.5358    
   133.7961    
   134.0564    
   134.3167    
   134.5770    
   134.8373    
   135.0976    
   135.3579    
   135.6182    
   135.8785    
   136.1388    
   136.3991    
   136.6594    
   136.9198    
   137.1801    
   137.4403    
   137.7007    
   137.9610    
   138.2213    
   138.4816    
   138.7419    
   139.0022    
   139.2625    
   139.5228    
   139.7831    
   140.0434    
   140.3037    
   140.5640    
   140.8243    
   141.0846    
   141.3449    
   141.6052    
   141.8655    
   142.1258    
   142.3861    
   142.6464    
   142.9067    
   143.1670    
   143.4273    
   143.6876    
   143.9480    
   144.2082    
   144.4686    
   144.7289    
   144.9892    
   145.2495    
   145.5098    
   145.7701    
   146.0304    
   146.2907    
   146.5510    
   146.8113    
   147.0716    
   147.3319    
   147.5922    
   147.8525    
   148.1128    
   148.3731    
   148.6334    
   148.8937    
   149.1540    
   149.4143    
   149.6746    
   149.9349    
   150.1952    
   150.4556    
   150.7158    
   150.9761    
   151.2365    
   151.4967    
   151.7571    
   152.0174    
   152.2776    
   152.5380    
   152.7983    
   153.0586    
   153.3189    
   153.5792    
   153.8395    
   154.0998    
   154.3601    
   154.6204    
   154.8807    
   155.1410    
   155.4013    
   155.6616    
   155.9219    
   156.1822    
   156.4425    
   156.7028    
   156.9631    
   157.2234    
   157.4837    
   157.7440    
   158.0043    
   158.2646    
   158.5249    
   158.7852    
   159.0456    
   159.3059    
   159.5662    
   159.8265    
   160.0868    
   160.3471    
   160.6074    
   160.8677    
   161.1280    
   161.3883    
   161.6486    
   161.9089    
   162.1692    
   162.4295    
   162.6898    
   162.9501    
   163.2104    
   163.4707    
   163.7310    
   163.9913    
   164.2516    
   164.5119    
   164.7722    
   165.0325    
   165.2928    
   165.5531    
   165.8134    
   166.0738    
   166.3341    
   166.5944    
   166.8547    
   167.1150    
   167.3753    
   167.6356    
   167.8959    
   168.1562    
   168.4165    
   168.6768    
   168.9371    
   169.1974    
   169.4577    
   169.7180    
   169.9783    
   170.2386    
   170.4989    
   170.7592    
   171.0195    
   171.2798    
   171.5401    
   171.8004    
   172.0607    
   172.3210    
   172.5813    
   172.8417    
   173.1019    
   173.3623    
   173.6226    
   173.8829    
   174.1432    
   174.4035    
   174.6638    
   174.9241    
   175.1844    
   175.4447    
   175.7050    
   175.9653    
   176.2256    
   176.4859    
   176.7462    
   177.0065    
   177.2668    
   177.5271    
   177.7874    
   178.0477    
   178.3080    
   178.5683    
   178.8286    
   179.0889    
   179.3493    
   179.6096    
   179.8699    
