   85.31227    
   83.33788    
   81.82574    
   80.55125    
   79.42811    
   78.41222    
   77.47744    
   76.60680    
   75.78848    
   75.01392    
   74.27663    
   73.57160    
   72.89484    
   72.24310    
   71.61375    
   71.00455    
   70.41360    
   69.83931    
   69.28028    
   68.73532    
   68.20335    
   67.68348    
   67.17484    
   66.67670    
   66.18842    
   65.70940    
   65.23907    
   64.77699    
   64.32269    
   63.87576    
   63.43581    
   63.00252    
   62.57558    
   62.15468    
   61.73956    
   61.32995    
   60.92562    
   60.52638    
   60.13199    
   59.74228    
   59.35706    
   58.97615    
   58.59942    
   58.22669    
   57.85785    
   57.49274    
   57.13126    
   56.77326    
   56.41865    
   56.06731    
   55.71914    
   55.37406    
   55.03196    
   54.69275    
   54.35636    
   54.02269    
   53.69169    
   53.36326    
   53.03734    
   52.71389    
   52.39279    
   52.07403    
   51.75752    
   51.44321    
   51.13105    
   50.82100    
   50.51299    
   50.20696    
   49.90290    
   49.60073    
   49.30043    
   49.00195    
   48.70524    
   48.41027    
   48.11701    
   47.82541    
   47.53543    
   47.24706    
   46.96025    
   46.67496    
   46.39117    
   46.10885    
   45.82797    
   45.54849    
   45.27040    
   44.99368    
   44.71827    
   44.44417    
   44.17135    
   43.89979    
   43.62946    
   43.36035    
   43.09242    
   42.82565    
   42.56004    
   42.29555    
   42.03217    
   41.76987    
   41.50864    
   41.24846    
   40.98931    
   40.73117    
   40.47404    
   40.21789    
   39.96270    
   39.70846    
   39.45515    
   39.20275    
   38.95127    
   38.70068    
   38.45095    
   38.20210    
   37.95409    
   37.70691    
   37.46055    
   37.21500    
   36.97026    
   36.72629    
   36.48310    
   36.24066    
   35.99897    
   35.75804    
   35.51782    
   35.27832    
   35.03952    
   34.80143    
   34.56401    
   34.32727    
   34.09121    
   33.85580    
   33.62103    
   33.38690    
   33.15340    
   32.92052    
   32.68825    
   32.45658    
   32.22551    
   31.99502    
   31.76511    
   31.53578    
   31.30700    
   31.07878    
   30.85110    
   30.62397    
   30.39736    
   30.17128    
   29.94572    
   29.72066    
   29.49612    
   29.27206    
   29.04850    
   28.82542    
   28.60282    
   28.38069    
   28.15903    
   27.93782    
   27.71706    
   27.49675    
   27.27688    
   27.05744    
   26.83843    
   26.61985    
   26.40168    
   26.18392    
   25.96657    
   25.74962    
   25.53307    
   25.31691    
   25.10113    
   24.88573    
   24.67070    
   24.45605    
   24.24176    
   24.02783    
   23.81426    
   23.60104    
   23.38816    
   23.17563    
   22.96343    
   22.75157    
   22.54003    
   22.32881    
   22.11793    
   21.90734    
   21.69708    
   21.48712    
   21.27746    
   21.06810    
   20.85903    
   20.65025    
   20.44176    
   20.23355    
   20.02563    
   19.81797    
   19.61059    
   19.40347    
   19.19662    
   18.99003    
   18.78369    
   18.57761    
   18.37177    
   18.16618    
   17.96083    
   17.75572    
   17.55084    
   17.34620    
   17.14178    
   16.93759    
   16.73362    
   16.52987    
   16.32633    
   16.12301    
   15.91989    
   15.71698    
   15.51427    
   15.31176    
   15.10944    
   14.90732    
   14.70538    
   14.50364    
   14.30208    
   14.10069    
   13.89949    
   13.69846    
   13.49760    
   13.29691    
   13.09639    
   12.89603    
   12.69583    
   12.49579    
   12.29590    
   12.09616    
   11.89658    
   11.69714    
   11.49784    
   11.29868    
   11.09967    
   10.90078    
   10.70204    
   10.50342    
   10.30492    
   10.10656    
   9.908314    
   9.710190    
   9.512183    
   9.314290    
   9.116508    
   8.918839    
   8.721273    
   8.523815    
   8.326457    
   8.129198    
   7.932037    
   7.734971    
   7.537996    
   7.341111    
   7.144312    
   6.947599    
   6.750968    
   6.554416    
   6.357943    
   6.161544    
   5.965218    
   5.768961    
   5.572773    
   5.376651    
   5.180592    
   4.984593    
   4.788653    
   4.592769    
   4.396939    
   4.201160    
   4.005431    
   3.809748    
   3.614110    
   3.418514    
   3.222958    
   3.027439    
   2.831956    
   2.636505    
   2.441086    
   2.245694    
   2.050329    
   1.854988    
   1.659668    
   1.464368    
   1.269084    
   1.073815    
  0.8785594    
  0.6833134    
  0.4880753    
  0.2928429    
  9.7613931E-02
 -9.7613931E-02
 -0.2928429    
 -0.4880753    
 -0.6833134    
 -0.8785594    
  -1.073815    
  -1.269084    
  -1.464368    
  -1.659668    
  -1.854988    
  -2.050329    
  -2.245694    
  -2.441086    
  -2.636505    
  -2.831956    
  -3.027439    
  -3.222958    
  -3.418514    
  -3.614110    
  -3.809748    
  -4.005431    
  -4.201160    
  -4.396939    
  -4.592769    
  -4.788653    
  -4.984593    
  -5.180592    
  -5.376651    
  -5.572773    
  -5.768961    
  -5.965218    
  -6.161544    
  -6.357943    
  -6.554416    
  -6.750968    
  -6.947599    
  -7.144312    
  -7.341111    
  -7.537996    
  -7.734971    
  -7.932037    
  -8.129198    
  -8.326457    
  -8.523815    
  -8.721273    
  -8.918839    
  -9.116508    
  -9.314290    
  -9.512183    
  -9.710190    
  -9.908314    
  -10.10656    
  -10.30492    
  -10.50342    
  -10.70204    
  -10.90078    
  -11.09967    
  -11.29868    
  -11.49784    
  -11.69714    
  -11.89658    
  -12.09616    
  -12.29590    
  -12.49579    
  -12.69583    
  -12.89603    
  -13.09639    
  -13.29691    
  -13.49760    
  -13.69846    
  -13.89949    
  -14.10069    
  -14.30208    
  -14.50364    
  -14.70538    
  -14.90732    
  -15.10944    
  -15.31176    
  -15.51427    
  -15.71698    
  -15.91989    
  -16.12301    
  -16.32633    
  -16.52987    
  -16.73362    
  -16.93759    
  -17.14178    
  -17.34620    
  -17.55084    
  -17.75572    
  -17.96083    
  -18.16618    
  -18.37177    
  -18.57761    
  -18.78369    
  -18.99003    
  -19.19662    
  -19.40347    
  -19.61059    
  -19.81797    
  -20.02563    
  -20.23355    
  -20.44176    
  -20.65025    
  -20.85903    
  -21.06810    
  -21.27746    
  -21.48712    
  -21.69708    
  -21.90734    
  -22.11793    
  -22.32881    
  -22.54003    
  -22.75157    
  -22.96343    
  -23.17563    
  -23.38816    
  -23.60104    
  -23.81426    
  -24.02783    
  -24.24176    
  -24.45605    
  -24.67070    
  -24.88573    
  -25.10113    
  -25.31691    
  -25.53307    
  -25.74962    
  -25.96657    
  -26.18392    
  -26.40168    
  -26.61985    
  -26.83843    
  -27.05744    
  -27.27688    
  -27.49675    
  -27.71706    
  -27.93782    
  -28.15903    
  -28.38069    
  -28.60282    
  -28.82542    
  -29.04850    
  -29.27206    
  -29.49612    
  -29.72066    
  -29.94572    
  -30.17128    
  -30.39736    
  -30.62397    
  -30.85110    
  -31.07878    
  -31.30700    
  -31.53578    
  -31.76511    
  -31.99502    
  -32.22551    
  -32.45658    
  -32.68825    
  -32.92052    
  -33.15340    
  -33.38690    
  -33.62103    
  -33.85580    
  -34.09121    
  -34.32727    
  -34.56401    
  -34.80143    
  -35.03952    
  -35.27832    
  -35.51782    
  -35.75804    
  -35.99897    
  -36.24066    
  -36.48310    
  -36.72629    
  -36.97026    
  -37.21500    
  -37.46055    
  -37.70691    
  -37.95409    
  -38.20210    
  -38.45095    
  -38.70068    
  -38.95127    
  -39.20275    
  -39.45515    
  -39.70846    
  -39.96270    
  -40.21789    
  -40.47404    
  -40.73117    
  -40.98931    
  -41.24846    
  -41.50864    
  -41.76987    
  -42.03217    
  -42.29555    
  -42.56004    
  -42.82565    
  -43.09242    
  -43.36035    
  -43.62946    
  -43.89979    
  -44.17135    
  -44.44417    
  -44.71827    
  -44.99368    
  -45.27040    
  -45.54849    
  -45.82797    
  -46.10885    
  -46.39117    
  -46.67496    
  -46.96025    
  -47.24706    
  -47.53543    
  -47.82541    
  -48.11701    
  -48.41027    
  -48.70524    
  -49.00195    
  -49.30043    
  -49.60073    
  -49.90290    
  -50.20696    
  -50.51299    
  -50.82100    
  -51.13105    
  -51.44321    
  -51.75752    
  -52.07403    
  -52.39279    
  -52.71389    
  -53.03734    
  -53.36326    
  -53.69169    
  -54.02269    
  -54.35636    
  -54.69275    
  -55.03196    
  -55.37406    
  -55.71914    
  -56.06731    
  -56.41865    
  -56.77326    
  -57.13126    
  -57.49274    
  -57.85785    
  -58.22669    
  -58.59942    
  -58.97615    
  -59.35706    
  -59.74228    
  -60.13199    
  -60.52638    
  -60.92562    
  -61.32995    
  -61.73956    
  -62.15468    
  -62.57558    
  -63.00252    
  -63.43581    
  -63.87576    
  -64.32269    
  -64.77699    
  -65.23907    
  -65.70940    
  -66.18842    
  -66.67670    
  -67.17484    
  -67.68348    
  -68.20335    
  -68.73532    
  -69.28028    
  -69.83931    
  -70.41360    
  -71.00455    
  -71.61375    
  -72.24310    
  -72.89484    
  -73.57160    
  -74.27663    
  -75.01392    
  -75.78848    
  -76.60680    
  -77.47744    
  -78.41222    
  -79.42811    
  -80.55125    
  -81.82574    
  -83.33788    
  -85.31227    
